44
900 4 2 68 0
888 3 3 28 0
354 7 1 49 2
435 3 0 42 3
919 2 4 68 3
983 3 1 58 3
354 7 2 87 5
269 5 5 80 5
534 1 4 61 5
354 2 1 82 4
521 6 2 3 5
671 4 5 12 0
888 7 3 20 2
888 5 5 1 2
888 8 0 21 5
354 4 2 8 0
345 9 0 14 2
277 6 2 78 0
543 9 1 91 3
888 6 5 75 3
354 9 3 52 4
467 7 0 16 3
534 7 3 86 1
829 5 3 52 2
534 6 4 67 4
888 9 0 32 1
534 5 5 16 1
543 1 2 20 4
380 3 2 82 1
888 8 1 12 2
251 4 1 88 4
439 6 5 38 3
379 7 4 54 4
888 7 5 26 0
71 5 5 12 3
888 5 4 16 1
345 6 3 76 1
463 8 2 75 0
347 5 1 6 5
345 7 4 76 1
773 7 3 66 2
453 4 1 23 1
888 3 2 41 5
888 3 4 23 5